1.6133966552065733
1.7445078958102676
1.8231746401724842
1.8799895111007519
1.9247858516403473
1.963390828040324
1.9852427014742733
2.013285939047841
2.035866208262922
2.0540761027912127
2.067915622632714
2.0828477361459123
2.0934094749723213
2.1068847969232563
2.1221811083270206
2.1298292640289027
2.1371132218402193
2.149495950119457
2.15532311636851
2.1684342404288794
2.1757181982401956
2.177903385583591
2.1859157391760387
2.191742905425092
2.1942922906590527
2.1982984674552766
2.2066750189382907
2.2110453936250805
2.2168725598741337
2.2223355282326205
2.2245207155760154
2.2281626944816737
2.233625662840161
2.2401812248703457
2.239088631198648
2.2398170269797797
2.243094807994872
2.2492861721344912
2.253292348930715
2.253656546821281
2.2598479109608998
2.25547753627411
2.260940504632597
2.2587553172892023
2.259483713070334
2.2587553172892023
2.2598479109608998
2.264946681428821
2.265675077209953
2.266403472991085
2.2704096497873087
2.2704096497873087
2.269317056115611
2.272959035021269
2.2722306392401377
2.272959035021269
2.269317056115611
2.2736874308024007
2.275872618145796
2.2784220033797564
2.2784220033797564
2.285705961191073
2.279150399160888
2.2809713886137173
2.281699784394849
2.2838849717382437
2.2882553464250335
2.285341763300507
2.2864343569722045
2.2882553464250335
2.291897325330692
2.287162752753336
2.290076335877863
2.295903502126916
2.2962677000174816
2.2966318979080476
2.3002738768137054
2.295175106345784
2.2962677000174816
2.301730668375969
2.3010022725948374
2.3002738768137054
2.3013664704854033
2.297360293689179
2.3028232620476663
2.3031874599382323
2.3042800536099297
2.307557834625022
2.301730668375969
2.3031874599382323
2.3042800536099297
2.3046442515004952
2.3028232620476663
2.3068294388438906
2.3086504282967195
2.312292407202378
2.313385000874075
2.309014626187285
2.3148417924363383
2.31557018821747
