2.5154958677685952
2.7086776859504136
2.84452479338843
2.941115702479339
3.0196280991735542
3.0826446280991733
3.1327479338842976
3.1859504132231407
3.2179752066115705
3.259297520661157
3.2861570247933884
3.3155991735537196
3.34452479338843
3.3589876033057857
3.37551652892562
3.4013429752066116
3.4158057851239674
3.427685950413223
3.4431818181818183
3.456611570247934
3.465392561983471
3.481404958677686
3.488119834710744
3.503615702479339
3.513429752066116
3.522210743801653
3.5335743801652892
3.543388429752066
3.557334710743802
3.5733471074380163
3.588326446280992
3.590909090909091
3.5955578512396698
3.606921487603306
3.6120867768595044
3.619834710743802
3.6177685950413223
3.6219008264462813
3.6358471074380163
3.6373966942148765
3.639462809917356
3.647727272727273
3.6518595041322315
3.6554752066115705
3.6606404958677685
3.666322314049587
3.6797520661157024
3.6771694214876036
3.678719008264463
3.6849173553719012
3.6998966942148765
3.6998966942148765
3.7086776859504136
3.707644628099174
3.714876033057852
3.714876033057852
3.722107438016529
3.7246900826446288
3.7267561983471076
3.722107438016529
3.701962809917356
3.731921487603306
3.7365702479338845
3.741219008264463
3.7474173553719012
3.7551652892561984
3.759297520661157
3.7623966942148765
3.766012396694215
3.768595041322314
3.7711776859504136
3.768595041322314
3.763946280991736
3.7696280991735542
3.7706611570247937
3.775826446280992
3.778925619834711
3.7871900826446288
3.7856404958677685
3.788223140495868
3.787706611570248
3.7897727272727275
3.793388429752066
3.797520661157025
3.803719008264463
3.8021694214876036
3.8094008264462813
3.8094008264462813
3.8150826446280997
3.8114669421487606
3.816115702479339
3.8186983471074383
3.821280991735538
3.819214876033058
3.8228305785123973
