0.27892561983471076
0.43956611570247933
0.5945247933884298
0.6554752066115702
1.625
2.0805785123966944
2.274793388429752
2.3548553719008263
2.410123966942149
2.4421487603305785
2.465909090909091
2.4798553719008263
2.4932851239669422
2.50051652892562
2.5113636363636362
2.5139462809917354
2.525826446280992
2.53150826446281
2.537706611570248
2.5392561983471076
2.541838842975207
2.547004132231405
2.559917355371901
2.559917355371901
2.5583677685950414
2.5609504132231407
2.5686983471074383
2.5681818181818183
2.5743801652892566
2.575929752066116
2.5764462809917354
2.5774793388429753
2.575929752066116
2.581611570247934
2.583161157024793
2.584194214876033
2.588326446280992
2.583161157024793
2.5826446280991737
2.5867768595041327
2.587293388429752
2.587293388429752
2.5898760330578514
2.591425619834711
2.590909090909091
2.5903925619834713
2.59349173553719
2.5960743801652897
2.5986570247933884
2.59349173553719
2.59504132231405
2.597107438016529
2.5991735537190084
2.5991735537190084
2.5960743801652897
2.5960743801652897
2.598140495867769
2.6012396694214877
2.59452479338843
2.596590909090909
2.600723140495868
2.6022727272727275
2.6022727272727275
2.600206611570248
2.600723140495868
2.603822314049587
2.6022727272727275
2.5996900826446283
2.604338842975207
2.6022727272727275
2.5996900826446283
2.603305785123967
2.5996900826446283
2.603822314049587
2.6022727272727275
2.6053719008264467
2.609504132231405
2.609504132231405
2.6079545454545454
2.6089876033057853
2.606404958677686
2.610020661157025
2.6089876033057853
2.612603305785124
2.6115702479338845
2.610020661157025
2.6079545454545454
2.604338842975207
2.6120867768595044
2.6136363636363638
2.607438016528926
2.609504132231405
2.6105371900826446
2.612603305785124
2.6115702479338845
2.6146694214876036
2.6146694214876036
2.6420454545454546
2.59349173553719
2.6120867768595044
