5366.541918487525 2.1484769188509305 
6033.193088485976 2.465439720105828 
6699.844258484426 2.625742746027845 
7366.495428482876 2.70953750957799 
8033.146598481327 2.7693909121138085 
8699.797768479777 2.8146713122930795 
9366.448938478228 2.846419638855557 
10033.100108476678 2.8828521447469244 
10699.751278475129 2.920846043747922 
11366.402448473578 2.9427055472827424 
12033.05361847203 2.96664690829707 
12699.704788470479 2.984863161242753 
13366.35595846893 3.0056817360378205 
14033.00712846738 3.0176524165449843 
14699.65829846583 3.0259798464630108 
15366.30946846428 3.039511920079805 
16032.960638462731 3.0561667799158587 
16699.61180846118 3.0644942098338857 
17366.262978459632 3.075944425971172 
18032.914148458083 3.0879151064783357 
18699.56531845653 3.093119750177103 
19366.216488454982 3.0936402145469795 
20032.867658453433 3.1014471800951298 
20699.518828451884 3.0998857869854994 
21366.169998450332 3.1071722881637727 
22032.821168448783 3.1092541456432796 
22699.472338447235 3.1175815755613066 
23366.123508445686 3.1175815755613066 
24032.774678444137 3.1248680767395802 
24699.425848442585 3.1274703985889634 
25366.077018441036 3.1311136491781 
26032.728188439487 3.128511327328717 
26699.37935843794 3.1295522560684703 
27366.030528436386 3.1357978285069903 
28032.681698434837 3.143084329685264 
28699.33286843329 3.1467275802744004 
29365.98403843174 3.150891295233414 
30032.635208430187 3.150891295233414 
30699.28637842864 3.1519322239731675 
31365.93754842709 3.1498503664936606 
32032.58871842554 3.157136867671934 
32699.23988842399 3.1607801182610706 
33365.89105842244 3.156095938932181 
34032.54222842089 3.157657332041811 
34699.19339841934 3.1581777964116875 
35365.84456841779 3.164423368850208 
36032.49573841624 3.1618210470008243 
36699.14690841469 3.1639029044803313 
37365.79807841314 3.1675461550694672 
38032.44924841159 3.1737917275079877 
38699.100418410046 3.1737917275079877 
39365.75158840849 3.1675461550694672 
40032.40275840694 3.177955442467001 
40699.053928405396 3.1810782286862613 
41365.70509840384 3.178996371206755 
42032.3562684023 3.1857624080151514 
42699.007438400746 3.1810782286862613 
43365.65860839919 3.1873238011247818 
44032.30977839765 3.1826396217958917 
44698.960948396096 3.1810782286862613 
45365.61211839454 3.185241943645275 
46032.263288393 3.1883647298645346 
46698.914458391446 3.187844265494658 
47365.5656283899 3.184201014905521 
48032.21679838835 3.1894056586042883 
48698.867968386796 3.187844265494658 
49365.51913838525 3.186803336754905 
50032.1703083837 3.1821191574260146 
50698.821478382146 3.184721479275398 
51365.4726483806 3.1914875160837948 
52032.12381837905 3.192528444823548 
52698.7749883775 3.187844265494658 
53365.42615837595 3.1935693735633017 
54032.0773283744 3.197733088522315 
54698.72849837285 3.1972126241524386 
55365.3796683713 3.1972126241524386 
56032.030838369756 3.195130766672932 
56698.6820083682 3.1992944816319455 
57365.33317836665 3.201376339111452 
58031.984348365106 3.1998149460018217 
58698.63551836355 3.2018968034813287 
59365.286688362 3.198774017262069 
60031.937858360456 3.203978660960835 
60698.5890283589 3.2034581965909585 
61365.24019835736 3.2065809828102183 
62031.891368355806 3.201376339111452 
62698.54253835425 3.203978660960835 
63365.19370835271 3.207101447180096 
64031.844878351156 3.2003354103716983 
64698.4960483496 3.2055400540704655 
65365.14721834806 3.207621911549972 
66031.7983883465 3.2034581965909585 
66698.44955834496 3.2065809828102183 
67365.1007283434 3.2055400540704655 
68031.75189834186 3.206060518440342 
68698.40306834031 3.207621911549972 
69365.05423833877 3.203978660960835 
70031.7054083372 3.1894056586042883 
70698.35657833566 3.1972126241524386 
71365.00774833412 3.204499125330712 
